pos,ref
chr22,20000459,het-ref,0.0018,0.0000,0.9981,0.0000
chr22,20003855,het-ref,0.0025,0.0001,0.9974,0.0000
chr22,20004082,hom-ref,0.7459,0.0198,0.2341,0.0001
chr22,20004204,hom-ref,0.6169,0.0654,0.3163,0.0014
chr22,20004492,het-ref,0.4459,0.0871,0.4631,0.0039
chr22,20005362,hom-ref,0.6485,0.0403,0.3106,0.0006
chr22,20005784,hom-ref,0.8330,0.0286,0.1382,0.0002
chr22,20006143,het-ref,0.3724,0.0459,0.5797,0.0019
chr22,20006568,hom-ref,0.6431,0.0499,0.3062,0.0008
chr22,20007223,hom-ref,0.6799,0.0547,0.2646,0.0008
chr22,20007981,het-ref,0.0091,0.0103,0.9686,0.0121
chr22,20008915,hom-ref,0.5725,0.0729,0.3527,0.0019
chr22,20010848,het-ref,0.0053,0.0020,0.9909,0.0019
chr22,20011706,hom-ref,0.5111,0.0831,0.4030,0.0028
chr22,20011819,hom-ref,0.5502,0.0464,0.4024,0.0011
chr22,20012064,het-ref,0.0441,0.0410,0.8910,0.0239
chr22,20012069,het-ref,0.2009,0.0429,0.7522,0.0040
chr22,20012235,hom-ref,0.8641,0.0233,0.1125,0.0001
chr22,20012994,hom-ref,0.6218,0.0400,0.3376,0.0006
chr22,20013416,hom-alt,0.0715,0.8244,0.0958,0.0083
chr22,20013685,hom-ref,0.7937,0.0353,0.1707,0.0003
chr22,20013863,hom-ref,0.6971,0.0518,0.2504,0.0007
chr22,20014829,hom-ref,0.9163,0.0144,0.0693,0.0000
chr22,20014957,hom-ref,0.8283,0.0294,0.1420,0.0002
chr22,20015644,hom-ref,0.8024,0.0339,0.1635,0.0002
chr22,20015957,hom-alt,0.0009,0.9974,0.0006,0.0012
chr22,20017403,het-ref,0.0909,0.0151,0.8924,0.0017
chr22,20017834,hom-ref,0.7794,0.0378,0.1825,0.0003
chr22,20020262,hom-ref,0.6697,0.0423,0.2874,0.0006
chr22,20020498,hom-ref,0.6015,0.0680,0.3290,0.0015
chr22,20022428,hom-ref,0.8142,0.0319,0.1538,0.0002
chr22,20022711,hom-ref,0.8035,0.0337,0.1626,0.0002
chr22,20023166,hom-ref,0.8860,0.0196,0.0944,0.0001
chr22,20023285,hom-ref,0.8248,0.0300,0.1450,0.0002
chr22,20023847,hom-ref,0.7467,0.0434,0.2095,0.0004
chr22,20024108,het-ref,0.2470,0.0137,0.7388,0.0005
chr22,20025843,hom-ref,0.7847,0.0369,0.1782,0.0003
chr22,20027196,hom-ref,0.8702,0.0223,0.1075,0.0001
chr22,20028440,hom-alt,0.0134,0.9722,0.0121,0.0023
chr22,20029979,hom-ref,0.5350,0.0515,0.4123,0.0012
chr22,20030311,het-ref,0.0043,0.0006,0.9948,0.0003
chr22,20030598,het-ref,0.0020,0.0001,0.9979,0.0000
chr22,20030888,hom-ref,0.5798,0.0533,0.3658,0.0011
chr22,20031187,het-ref,0.3769,0.0405,0.5808,0.0018
chr22,20033042,hom-ref,0.8495,0.0258,0.1245,0.0001
chr22,20033061,hom-ref,0.7814,0.0374,0.1808,0.0003
chr22,20033129,hom-ref,0.7804,0.0376,0.1817,0.0003
chr22,20034119,het-ref,0.1771,0.2840,0.5285,0.0104
chr22,20034198,het-ref,0.0156,0.0302,0.9048,0.0494
chr22,20035600,hom-ref,0.7785,0.0379,0.1832,0.0003
chr22,20037650,het-ref,0.4842,0.0263,0.4891,0.0005
chr22,20038914,hom-ref,0.5751,0.0168,0.4079,0.0002
chr22,20039090,hom-ref,0.7892,0.0361,0.1744,0.0003
chr22,20039868,hom-ref,0.7633,0.0405,0.1958,0.0004
chr22,20040439,hom-ref,0.5816,0.0478,0.3697,0.0009
chr22,20041073,hom-ref,0.6720,0.0361,0.2914,0.0004
chr22,20041302,hom-ref,0.4714,0.0894,0.4355,0.0037
chr22,20041956,hom-ref,0.5376,0.0788,0.3813,0.0024
chr22,20041959,hom-ref,0.5374,0.0788,0.3814,0.0024
chr22,20043007,hom-ref,0.8475,0.0262,0.1262,0.0001
chr22,20044349,hom-ref,0.5168,0.0629,0.4183,0.0019
chr22,20045262,hom-ref,0.7583,0.0414,0.2000,0.0004
chr22,20045489,hom-ref,0.8104,0.0325,0.1569,0.0002
chr22,20045660,het-ref,0.3935,0.0527,0.5517,0.0022
chr22,20046420,hom-ref,0.6420,0.0612,0.2958,0.0011
chr22,20047222,het-ref,0.3307,0.0506,0.6160,0.0026
chr22,20047732,hom-ref,0.8126,0.0321,0.1551,0.0002
chr22,20048635,hom-ref,0.6723,0.0560,0.2708,0.0009
chr22,20049787,hom-ref,0.5467,0.0510,0.4012,0.0012
chr22,20050034,hom-ref,0.6691,0.0566,0.2735,0.0009
chr22,20050317,hom-alt,0.0205,0.8273,0.1070,0.0452
chr22,20050620,hom-ref,0.7967,0.0348,0.1682,0.0003
chr22,20050832,het-ref,0.3888,0.0094,0.6017,0.0001
chr22,20053040,hom-ref,0.7477,0.0432,0.2087,0.0004
chr22,20053211,hom-ref,0.9358,0.0110,0.0531,0.0000
chr22,20053288,het-ref,0.0068,0.0003,0.9929,0.0000
chr22,20053555,hom-ref,0.6559,0.0588,0.2843,0.0010
chr22,20054542,het-ref,0.1096,0.0078,0.8821,0.0005
chr22,20054994,het-ref,0.3766,0.0584,0.5618,0.0032
chr22,20055056,hom-ref,0.8542,0.0250,0.1206,0.0001
chr22,20056232,hom-ref,0.8633,0.0235,0.1131,0.0001
chr22,20056278,hom-ref,0.8486,0.0260,0.1253,0.0001
chr22,20056481,hom-ref,0.5936,0.0439,0.3617,0.0008
chr22,20056653,hom-ref,0.8486,0.0260,0.1253,0.0001
chr22,20057821,hom-ref,0.7181,0.0482,0.2331,0.0006
chr22,20058017,het-ref,0.1673,0.3635,0.4618,0.0073
chr22,20058631,hom-ref,0.7438,0.0439,0.2119,0.0005
chr22,20060981,hom-ref,0.6800,0.0547,0.2645,0.0008
chr22,20061167,hom-ref,0.6355,0.0623,0.3010,0.0012
chr22,20062425,hom-ref,0.7850,0.0368,0.1779,0.0003
chr22,20063396,hom-ref,0.4896,0.0868,0.4203,0.0033
chr22,20063711,het-ref,0.4384,0.0941,0.4630,0.0045
chr22,20065335,het-ref,0.1888,0.0230,0.7867,0.0016
chr22,20066184,hom-ref,0.5903,0.0291,0.3802,0.0004
chr22,20067950,het-ref,0.3501,0.1097,0.5320,0.0081
chr22,20068677,hom-ref,0.4704,0.0883,0.4376,0.0038
chr22,20069430,het-ref,0.3178,0.0191,0.6625,0.0007
chr22,20071120,hom-ref,0.9161,0.0144,0.0695,0.0000
chr22,20071996,het-ref,0.2857,0.0181,0.6956,0.0006
chr22,20072316,hom-ref,0.5823,0.0712,0.3447,0.0017
chr22,20072993,hom-ref,0.6521,0.0594,0.2874,0.0010
chr22,20073196,hom-ref,0.8412,0.0272,0.1314,0.0001
chr22,20073208,hom-ref,0.5693,0.0734,0.3554,0.0019
chr22,20073884,hom-ref,0.5360,0.0790,0.3826,0.0024
chr22,20074489,hom-ref,0.8601,0.0240,0.1158,0.0001
chr22,20074490,hom-ref,0.8031,0.0337,0.1629,0.0002
chr22,20075052,het-ref,0.4226,0.0777,0.4957,0.0039
chr22,20075219,het-ref,0.0107,0.0103,0.9655,0.0136
chr22,20075395,het-ref,0.0375,0.0113,0.9477,0.0036
chr22,20075436,hom-ref,0.5887,0.0702,0.3394,0.0017
chr22,20075699,het-ref,0.0198,0.0035,0.9755,0.0011
chr22,20075736,het-ref,0.0010,0.0000,0.9990,0.0000
chr22,20075755,het-ref,0.0031,0.0001,0.9968,0.0000
chr22,20075811,het-ref,0.0089,0.0217,0.9132,0.0562
chr22,20075817,het-ref,0.0091,0.0465,0.7703,0.1740
chr22,20075836,het-ref,0.0066,0.0041,0.9838,0.0054
chr22,20075874,het-ref,0.0091,0.0492,0.7520,0.1898
chr22,20075893,het-ref,0.0085,0.0161,0.9386,0.0368
chr22,20075915,het-ref,0.0054,0.0016,0.9916,0.0014
chr22,20075956,het-ref,0.0045,0.0006,0.9945,0.0004
chr22,20076027,het-ref,0.1483,0.0341,0.8136,0.0040
chr22,20076081,het-ref,0.0479,0.0025,0.9496,0.0000
chr22,20080368,het-ref,0.3199,0.0437,0.6339,0.0025
chr22,20080574,hom-ref,0.8831,0.0201,0.0968,0.0001
chr22,20080633,hom-ref,0.9114,0.0152,0.0733,0.0000
chr22,20080737,hom-ref,0.7706,0.0393,0.1898,0.0003
chr22,20081080,hom-ref,0.6945,0.0523,0.2526,0.0007
chr22,20081340,hom-ref,0.7845,0.0369,0.1783,0.0003
chr22,20081364,hom-ref,0.8477,0.0261,0.1260,0.0001
chr22,20081539,hom-ref,0.8300,0.0291,0.1406,0.0002
chr22,20082041,hom-ref,0.8059,0.0333,0.1606,0.0002
chr22,20082367,hom-ref,0.5939,0.0693,0.3352,0.0016
chr22,20082424,hom-ref,0.6955,0.0521,0.2517,0.0007
chr22,20082874,het-ref,0.2115,0.0485,0.7358,0.0043
chr22,20083393,het-ref,0.2198,0.0139,0.7657,0.0006
chr22,20084184,het-ref,0.3366,0.0191,0.6438,0.0006
chr22,20085840,hom-ref,0.7311,0.0460,0.2223,0.0005
chr22,20086027,hom-ref,0.8430,0.0269,0.1299,0.0001
chr22,20086762,het-ref,0.2969,0.3377,0.3569,0.0085
chr22,20086777,het-ref,0.3920,0.0458,0.5603,0.0020
chr22,20087140,hom-ref,0.7617,0.0408,0.1971,0.0004
chr22,20087233,het-ref,0.4334,0.0484,0.5164,0.0018
chr22,20087244,hom-ref,0.7938,0.0353,0.1706,0.0003
chr22,20088610,hom-ref,0.5753,0.0636,0.3595,0.0015
chr22,20089728,hom-ref,0.7549,0.0420,0.2027,0.0004
chr22,20090115,hom-ref,0.9140,0.0148,0.0712,0.0000
chr22,20091440,hom-ref,0.9259,0.0127,0.0614,0.0000
chr22,20091846,hom-ref,0.8008,0.0341,0.1648,0.0002
chr22,20093393,het-ref,0.4343,0.0915,0.4698,0.0044
chr22,20094237,hom-ref,0.6144,0.0651,0.3191,0.0014
chr22,20094782,hom-ref,0.4918,0.0554,0.4511,0.0016
chr22,20095108,hom-ref,0.7544,0.0421,0.2032,0.0004
chr22,20096087,hom-ref,0.4217,0.2718,0.3021,0.0044
chr22,20096921,hom-ref,0.7546,0.0420,0.2030,0.0004
chr22,20097628,hom-ref,0.8150,0.0317,0.1531,0.0002
chr22,20097795,hom-ref,0.6194,0.0650,0.3143,0.0013
chr22,20097805,hom-ref,0.5595,0.0280,0.4120,0.0005
chr22,20098109,het-ref,0.0251,0.0194,0.9431,0.0124
chr22,20101918,hom-ref,0.8228,0.0304,0.1466,0.0002
chr22,20102070,hom-ref,0.8893,0.0190,0.0916,0.0001
chr22,20103128,hom-ref,0.5540,0.0246,0.4210,0.0004
chr22,20104147,hom-ref,0.4858,0.0874,0.4234,0.0034
chr22,20104321,hom-ref,0.9064,0.0161,0.0775,0.0000
chr22,20105073,hom-ref,0.8403,0.0274,0.1322,0.0001
chr22,20106286,hom-ref,0.4631,0.0758,0.4581,0.0029
chr22,20106304,hom-ref,0.6567,0.0587,0.2837,0.0010
chr22,20108312,hom-ref,0.8881,0.0192,0.0926,0.0001
chr22,20108635,het-ref,0.0854,0.0173,0.8951,0.0023
chr22,20108735,hom-alt,0.0016,0.9614,0.0308,0.0062
chr22,20108776,hom-alt,0.0001,0.9785,0.0008,0.0206
chr22,20109819,hom-ref,0.6626,0.0577,0.2788,0.0009
chr22,20111354,hom-ref,0.6363,0.0621,0.3004,0.0012
chr22,20111666,het-ref,0.1207,0.4291,0.4294,0.0208
chr22,20112561,hom-ref,0.7689,0.0396,0.1912,0.0004
chr22,20112798,hom-ref,0.8028,0.0338,0.1631,0.0002
chr22,20112925,hom-ref,0.6241,0.0642,0.3104,0.0013
chr22,20113859,het-ref,0.0014,0.0000,0.9986,0.0000
chr22,20115185,hom-ref,0.7494,0.0429,0.2072,0.0004
chr22,20116655,hom-ref,0.8363,0.0281,0.1355,0.0002
chr22,20117666,het-ref,0.0046,0.0007,0.9943,0.0005
chr22,20120085,hom-ref,0.8807,0.0205,0.0987,0.0001
chr22,20120456,hom-ref,0.8725,0.0219,0.1055,0.0001
chr22,20120847,hom-ref,0.6453,0.0606,0.2930,0.0011
chr22,20121985,hom-ref,0.4102,0.1760,0.4071,0.0067
chr22,20122617,hom-ref,0.6256,0.0639,0.3092,0.0013
chr22,20122693,hom-alt,0.0175,0.6622,0.2363,0.0840
chr22,20122712,het-alt,0.0063,0.0842,0.4049,0.5046
chr22,20122780,het-ref,0.0154,0.0065,0.9746,0.0036
chr22,20122793,het-ref,0.0029,0.0003,0.9968,0.0001
chr22,20122804,het-ref,0.0036,0.0007,0.9953,0.0004
chr22,20122977,het-ref,0.2589,0.0873,0.6478,0.0060
chr22,20123217,het-ref,0.0697,0.3693,0.5197,0.0413
chr22,20123237,het-ref,0.0060,0.0071,0.9763,0.0106
chr22,20123274,hom-alt,0.0162,0.7080,0.1410,0.1348
chr22,20123292,hom-alt,0.1106,0.6212,0.2548,0.0133
chr22,20123360,het-ref,0.0047,0.0008,0.9940,0.0005
chr22,20123441,hom-ref,0.5989,0.0684,0.3311,0.0015
chr22,20124407,hom-ref,0.6068,0.0595,0.3323,0.0014
chr22,20125733,hom-ref,0.5867,0.0705,0.3411,0.0017
chr22,20126341,hom-ref,0.6767,0.0553,0.2672,0.0008
chr22,20126378,hom-ref,0.7005,0.0512,0.2476,0.0007
chr22,20127184,hom-ref,0.6656,0.0276,0.3064,0.0003
chr22,20129808,het-ref,0.0566,0.0122,0.9292,0.0019
chr22,20130916,hom-ref,0.5777,0.0720,0.3485,0.0018
chr22,20131088,het-ref,0.3493,0.1071,0.5358,0.0078
chr22,20131532,hom-alt,0.1787,0.5770,0.2302,0.0141
chr22,20131793,het-ref,0.0032,0.0001,0.9966,0.0000
chr22,20131812,het-ref,0.0032,0.0001,0.9966,0.0000
chr22,20132905,hom-ref,0.8391,0.0276,0.1331,0.0001
chr22,20133160,hom-ref,0.6272,0.0594,0.3123,0.0011
chr22,20133361,hom-ref,0.8138,0.0319,0.1541,0.0002
chr22,20133763,het-ref,0.0032,0.0008,0.9957,0.0004
chr22,20133802,hom-ref,0.6339,0.0625,0.3024,0.0012
chr22,20133850,hom-ref,0.7588,0.0413,0.1995,0.0004
chr22,20134262,hom-ref,0.7547,0.0420,0.2029,0.0004
chr22,20135670,hom-ref,0.6777,0.0551,0.2664,0.0008
chr22,20136271,hom-ref,0.7609,0.0409,0.1978,0.0004
chr22,20136305,hom-ref,0.7359,0.0448,0.2189,0.0005
chr22,20136873,hom-ref,0.6046,0.0459,0.3487,0.0008
chr22,20138187,hom-ref,0.5769,0.0813,0.3396,0.0023
chr22,20139297,hom-ref,0.7919,0.0357,0.1721,0.0003
chr22,20139649,hom-ref,0.8497,0.0258,0.1244,0.0001
chr22,20140020,het-ref,0.0364,0.0129,0.9474,0.0033
chr22,20140184,hom-ref,0.7325,0.0458,0.2212,0.0005
chr22,20141287,hom-ref,0.7238,0.0473,0.2283,0.0006
chr22,20142550,hom-ref,0.5512,0.0589,0.3883,0.0017
chr22,20142625,het-ref,0.0035,0.0002,0.9962,0.0001
chr22,20142844,hom-ref,0.6244,0.0641,0.3102,0.0013
chr22,20142988,het-ref,0.3236,0.0989,0.5698,0.0077
chr22,20143465,het-ref,0.4524,0.0330,0.5137,0.0008
chr22,20143548,het-ref,0.3244,0.0900,0.5787,0.0069
chr22,20145240,hom-ref,0.8725,0.0219,0.1055,0.0001
chr22,20145299,hom-ref,0.8414,0.0272,0.1312,0.0001
chr22,20145446,hom-ref,0.5131,0.0829,0.4012,0.0028
chr22,20145893,het-ref,0.4598,0.0547,0.4837,0.0018
chr22,20145996,hom-ref,0.5246,0.0487,0.4255,0.0012
chr22,20146129,hom-alt,0.1377,0.4320,0.4062,0.0240
chr22,20147123,hom-ref,0.8209,0.0307,0.1482,0.0002
chr22,20147309,hom-ref,0.8700,0.0223,0.1076,0.0001
chr22,20147439,het-ref,0.3718,0.1313,0.4905,0.0065
chr22,20147533,hom-ref,0.6609,0.0499,0.2884,0.0008
chr22,20148199,hom-ref,0.7026,0.0509,0.2459,0.0007
chr22,20148253,hom-ref,0.6701,0.0564,0.2726,0.0009
chr22,20149072,het-ref,0.2593,0.0941,0.6375,0.0091
chr22,20149633,hom-ref,0.7343,0.0455,0.2197,0.0005
chr22,20149695,hom-ref,0.6208,0.0647,0.3131,0.0013
chr22,20149895,het-ref,0.1070,0.0528,0.8278,0.0124
chr22,20149900,het-ref,0.0130,0.0092,0.9725,0.0053
chr22,20149914,hom-ref,0.4316,0.1376,0.4263,0.0044
chr22,20150043,hom-ref,0.5186,0.0820,0.3968,0.0027
chr22,20150261,het-ref,0.0710,0.0203,0.9042,0.0044
chr22,20150301,het-ref,0.0002,0.0000,0.9998,0.0000
chr22,20150342,het-ref,0.0035,0.0003,0.9962,0.0001
chr22,20150385,het-ref,0.0015,0.0000,0.9985,0.0000
chr22,20150426,het-ref,0.0240,0.0129,0.9564,0.0067
chr22,20150633,hom-ref,0.5508,0.0763,0.3707,0.0022
chr22,20150704,hom-ref,0.8231,0.0303,0.1464,0.0002
chr22,20151047,hom-ref,0.8375,0.0279,0.1345,0.0001
chr22,20151755,het-ref,0.2752,0.0294,0.6939,0.0015
chr22,20151951,hom-ref,0.8267,0.0297,0.1434,0.0002
chr22,20152413,hom-ref,0.8625,0.0236,0.1138,0.0001
chr22,20153709,hom-ref,0.6953,0.0521,0.2519,0.0007
chr22,20155466,hom-ref,0.5296,0.0801,0.3877,0.0025
chr22,20156330,hom-ref,0.8342,0.0284,0.1372,0.0002
chr22,20156429,hom-ref,0.8613,0.0238,0.1148,0.0001
chr22,20157279,hom-ref,0.6357,0.0508,0.3125,0.0010
chr22,20159457,hom-ref,0.6044,0.0675,0.3266,0.0015
chr22,20160756,hom-ref,0.8808,0.0205,0.0987,0.0001
chr22,20160883,hom-ref,0.8366,0.0280,0.1352,0.0001
chr22,20162131,het-ref,0.0073,0.0069,0.9747,0.0111
chr22,20162236,het-alt,0.0063,0.0831,0.4092,0.5013
chr22,20162277,het-alt,0.0058,0.2002,0.2690,0.5250
chr22,20162318,het-alt,0.0063,0.0833,0.4066,0.5039
chr22,20162423,hom-alt,0.0012,0.8271,0.0188,0.1529
chr22,20162467,hom-alt,0.0005,0.9247,0.0052,0.0697
chr22,20162508,het-alt,0.0063,0.0833,0.4066,0.5039
chr22,20162558,hom-alt,0.0125,0.6453,0.2044,0.1378
chr22,20162599,hom-alt,0.0028,0.8659,0.0278,0.1035
chr22,20162640,hom-alt,0.0045,0.9020,0.0288,0.0647
chr22,20162681,het-alt,0.0063,0.0833,0.4066,0.5039
chr22,20162722,het-alt,0.0095,0.3285,0.2803,0.3817
chr22,20162763,het-ref,0.0083,0.0139,0.9481,0.0297
chr22,20162804,hom-alt,0.0005,0.9337,0.0047,0.0612
chr22,20162845,het-ref,0.0283,0.3991,0.4924,0.0801
chr22,20162886,hom-alt,0.0022,0.6882,0.0472,0.2624
chr22,20162927,het-ref,0.0073,0.0067,0.9754,0.0106
chr22,20162968,hom-alt,0.2158,0.5573,0.2227,0.0041
chr22,20163009,het-alt,0.0063,0.0833,0.4066,0.5039
chr22,20163050,het-alt,0.0063,0.0833,0.4066,0.5039
chr22,20163091,het-alt,0.0063,0.0833,0.4066,0.5039
chr22,20163132,het-alt,0.0066,0.0817,0.4335,0.4783
chr22,20163173,het-ref,0.0085,0.0159,0.9394,0.0362
chr22,20163302,hom-alt,0.0069,0.9150,0.0321,0.0459
chr22,20163347,hom-alt,0.0034,0.6032,0.0783,0.3151
chr22,20163388,hom-alt,0.0032,0.7626,0.0482,0.1860
chr22,20163429,het-alt,0.0056,0.2327,0.2441,0.5176
chr22,20163470,het-ref,0.0069,0.0792,0.4700,0.4438
chr22,20163511,het-alt,0.0063,0.0833,0.4066,0.5039
chr22,20163552,het-alt,0.0063,0.0833,0.4066,0.5039
chr22,20163593,hom-alt,0.0180,0.5559,0.2604,0.1657
chr22,20163634,het-alt,0.0063,0.0833,0.4066,0.5039
chr22,20163675,hom-alt,0.0001,0.9749,0.0010,0.0240
chr22,20163716,het-ref,0.0082,0.0871,0.5556,0.3492
chr22,20163757,het-alt,0.0063,0.0833,0.4066,0.5039
chr22,20163798,het-alt,0.0063,0.0833,0.4066,0.5039
chr22,20163839,het-alt,0.0063,0.0833,0.4066,0.5039
chr22,20163930,hom-alt,0.0362,0.5382,0.3568,0.0689
chr22,20163991,hom-alt,0.0040,0.8580,0.0367,0.1013
chr22,20164032,hom-alt,0.0001,0.9985,0.0001,0.0013
chr22,20164093,het-ref,0.0075,0.0080,0.9708,0.0137
chr22,20164162,hom-alt,0.0004,0.9387,0.0038,0.0571
chr22,20164278,hom-alt,0.0008,0.9336,0.0072,0.0583
chr22,20164325,hom-alt,0.0011,0.8374,0.0169,0.1446
chr22,20164366,hom-alt,0.0010,0.8519,0.0146,0.1325
chr22,20164407,hom-alt,0.0131,0.7977,0.1194,0.0697
chr22,20164448,hom-alt,0.0006,0.9958,0.0007,0.0029
chr22,20164922,hom-ref,0.6968,0.0306,0.2723,0.0003
chr22,20166123,het-ref,0.3854,0.1028,0.5056,0.0063
chr22,20166847,hom-ref,0.6327,0.0627,0.3033,0.0012
chr22,20167017,hom-ref,0.5537,0.0535,0.3915,0.0013
chr22,20169246,hom-ref,0.8701,0.0223,0.1075,0.0001
chr22,20169917,hom-ref,0.7865,0.0366,0.1767,0.0003
chr22,20170279,hom-ref,0.8318,0.0289,0.1392,0.0002
chr22,20171634,hom-ref,0.7404,0.0444,0.2147,0.0005
chr22,20171881,hom-ref,0.6378,0.0386,0.3230,0.0006
chr22,20171978,hom-ref,0.6227,0.0382,0.3385,0.0006
chr22,20172126,hom-ref,0.7349,0.0454,0.2193,0.0005
chr22,20172609,hom-ref,0.7791,0.0378,0.1827,0.0003
chr22,20172766,hom-alt,0.0057,0.4867,0.1418,0.3659
chr22,20172964,het-ref,0.0047,0.0008,0.9938,0.0006
chr22,20173487,hom-ref,0.6314,0.0629,0.3044,0.0012
chr22,20173978,het-ref,0.4223,0.0979,0.4747,0.0051
chr22,20174420,hom-ref,0.7004,0.0513,0.2477,0.0007
chr22,20174576,hom-ref,0.6532,0.0184,0.3282,0.0002
chr22,20174709,hom-ref,0.8712,0.0221,0.1066,0.0001
chr22,20176785,hom-alt,0.0021,0.9946,0.0014,0.0019
chr22,20177018,hom-ref,0.7024,0.0509,0.2460,0.0007
chr22,20179718,hom-ref,0.8864,0.0195,0.0940,0.0001
chr22,20181541,hom-ref,0.9223,0.0134,0.0643,0.0000
chr22,20182379,hom-ref,0.6098,0.1502,0.2374,0.0026
chr22,20183752,hom-ref,0.7145,0.0489,0.2361,0.0006
chr22,20184361,hom-ref,0.6789,0.0549,0.2654,0.0008
chr22,20184402,het-ref,0.4276,0.0351,0.5364,0.0010
chr22,20184786,hom-ref,0.7429,0.0440,0.2126,0.0005
chr22,20188553,het-ref,0.4073,0.0998,0.4874,0.0055
chr22,20189007,het-ref,0.0173,0.0159,0.9518,0.0150
chr22,20189026,het-ref,0.0026,0.0001,0.9973,0.0000
chr22,20189048,het-ref,0.0111,0.0031,0.9843,0.0015
chr22,20189203,hom-ref,0.5252,0.0381,0.4357,0.0010
chr22,20192967,het-ref,0.3428,0.0893,0.5618,0.0061
chr22,20193392,hom-ref,0.7264,0.0468,0.2262,0.0005
chr22,20193675,hom-ref,0.8731,0.0218,0.1050,0.0001
chr22,20193835,hom-ref,0.6206,0.0648,0.3133,0.0013
chr22,20195011,hom-ref,0.8047,0.0335,0.1616,0.0002
chr22,20195121,hom-alt,0.0058,0.9757,0.0175,0.0009
chr22,20195477,hom-ref,0.7347,0.0770,0.1869,0.0014
chr22,20196165,hom-ref,0.5749,0.0724,0.3508,0.0018
chr22,20196687,hom-ref,0.8131,0.0320,0.1547,0.0002
chr22,20196911,hom-alt,0.0053,0.9883,0.0040,0.0023
chr22,20197221,hom-ref,0.8406,0.0273,0.1319,0.0001
chr22,20198461,hom-ref,0.8268,0.0297,0.1433,0.0002
chr22,20201323,hom-ref,0.7221,0.0370,0.2405,0.0004
chr22,20201367,het-ref,0.0028,0.0001,0.9971,0.0000
chr22,20201386,het-ref,0.0007,0.0000,0.9993,0.0000
chr22,20201408,het-ref,0.0030,0.0001,0.9969,0.0000
chr22,20201609,hom-ref,0.7354,0.0453,0.2188,0.0005
chr22,20202857,het-ref,0.2140,0.0588,0.7211,0.0061
chr22,20204613,hom-ref,0.8190,0.0310,0.1498,0.0002
chr22,20205577,hom-ref,0.5120,0.0938,0.3907,0.0036
chr22,20205984,hom-ref,0.6485,0.0601,0.2904,0.0011
chr22,20206463,hom-ref,0.9498,0.0086,0.0416,0.0000
chr22,20206847,hom-ref,0.5595,0.0547,0.3846,0.0013
chr22,20208743,hom-ref,0.8317,0.0289,0.1393,0.0002
chr22,20209430,hom-ref,0.7765,0.0383,0.1849,0.0003
chr22,20209682,hom-alt,0.0022,0.9950,0.0013,0.0016
chr22,20209848,hom-ref,0.6238,0.0477,0.3277,0.0008
chr22,20209923,hom-ref,0.4924,0.0411,0.4655,0.0010
chr22,20210536,hom-ref,0.7333,0.0456,0.2206,0.0005
chr22,20210603,het-ref,0.0536,0.0213,0.9198,0.0053
chr22,20213678,hom-ref,0.4664,0.0907,0.4391,0.0038
chr22,20213838,hom-ref,0.5150,0.0625,0.4206,0.0018
chr22,20214192,hom-ref,0.7130,0.0491,0.2373,0.0006
chr22,20214203,hom-ref,0.6441,0.0608,0.2940,0.0011
chr22,20214257,hom-ref,0.7492,0.0429,0.2075,0.0004
chr22,20214522,het-ref,0.4084,0.1043,0.4826,0.0048
chr22,20214952,het-ref,0.4780,0.0413,0.4794,0.0013
chr22,20215634,hom-ref,0.8593,0.0241,0.1164,0.0001
chr22,20215816,het-ref,0.3019,0.0208,0.6765,0.0007
chr22,20216233,hom-ref,0.8251,0.0300,0.1447,0.0002
chr22,20216769,hom-ref,0.7086,0.0498,0.2409,0.0006
chr22,20217927,het-ref,0.3813,0.0894,0.5241,0.0052
chr22,20218225,hom-ref,0.8886,0.0191,0.0922,0.0001
chr22,20218296,het-ref,0.1808,0.3200,0.4898,0.0094
chr22,20218930,hom-ref,0.5696,0.0607,0.3683,0.0014
chr22,20219640,hom-ref,0.6919,0.0527,0.2546,0.0007
chr22,20220325,hom-ref,0.5910,0.0698,0.3376,0.0016
chr22,20220344,hom-ref,0.4636,0.0997,0.4321,0.0047
chr22,20220814,hom-alt,0.0045,0.9915,0.0024,0.0016
chr22,20221060,hom-ref,0.5992,0.0684,0.3308,0.0015
chr22,20222234,het-ref,0.4521,0.0371,0.5098,0.0010
chr22,20223531,hom-ref,0.8171,0.0314,0.1513,0.0002
chr22,20223996,hom-alt,0.0126,0.6407,0.1537,0.1931
chr22,20224228,hom-ref,0.6131,0.0661,0.3195,0.0014
chr22,20224884,hom-alt,0.0445,0.5501,0.3581,0.0473
chr22,20225051,het-ref,0.0047,0.0009,0.9938,0.0006
chr22,20225164,hom-ref,0.5241,0.0578,0.4163,0.0018
chr22,20225205,het-ref,0.2810,0.0323,0.6850,0.0016
chr22,20225414,hom-alt,0.0031,0.9924,0.0022,0.0023
chr22,20225714,hom-alt,0.0030,0.9896,0.0033,0.0042
chr22,20225945,het-ref,0.0091,0.0242,0.9013,0.0654
chr22,20226367,hom-alt,0.0005,0.9215,0.0055,0.0725
chr22,20227216,hom-ref,0.6381,0.0618,0.2989,0.0012
chr22,20227656,het-ref,0.4168,0.0792,0.5003,0.0037
chr22,20227813,het-ref,0.0021,0.0000,0.9978,0.0000
chr22,20228158,hom-ref,0.6601,0.0581,0.2808,0.0010
chr22,20229417,hom-ref,0.5748,0.0724,0.3510,0.0018
chr22,20229611,hom-ref,0.7249,0.0468,0.2278,0.0005
chr22,20230147,hom-ref,0.6697,0.0565,0.2730,0.0009
chr22,20230160,hom-ref,0.6221,0.0586,0.3183,0.0011
chr22,20234102,hom-ref,0.8528,0.0253,0.1219,0.0001
chr22,20234254,hom-ref,0.5466,0.0773,0.3739,0.0022
chr22,20235056,hom-ref,0.7941,0.0353,0.1704,0.0003
chr22,20236604,hom-ref,0.7153,0.0487,0.2354,0.0006
chr22,20236624,hom-ref,0.9148,0.0146,0.0705,0.0000
chr22,20236682,hom-ref,0.5989,0.0478,0.3525,0.0009
chr22,20237610,hom-alt,0.2713,0.4457,0.2778,0.0053
chr22,20240264,hom-ref,0.6106,0.0665,0.3215,0.0014
chr22,20240499,hom-ref,0.5099,0.0834,0.4039,0.0029
chr22,20240598,hom-ref,0.8868,0.0194,0.0937,0.0001
chr22,20241234,hom-ref,0.6723,0.0560,0.2708,0.0009
chr22,20241685,hom-ref,0.7080,0.0434,0.2481,0.0005
chr22,20241744,hom-ref,0.5777,0.0707,0.3499,0.0018
chr22,20241941,hom-ref,0.6844,0.0538,0.2610,0.0008
chr22,20242377,hom-ref,0.6754,0.0481,0.2758,0.0007
chr22,20243812,hom-ref,0.4854,0.0345,0.4793,0.0008
chr22,20244104,hom-ref,0.6923,0.0290,0.2784,0.0003
chr22,20244404,hom-ref,0.6483,0.0599,0.2907,0.0011
chr22,20246335,hom-ref,0.6317,0.0629,0.3042,0.0012
chr22,20246433,hom-ref,0.5050,0.0427,0.4513,0.0010
chr22,20247459,hom-ref,0.8558,0.0247,0.1193,0.0001
chr22,20248068,hom-ref,0.7368,0.0450,0.2177,0.0005
chr22,20249405,hom-ref,0.8186,0.0311,0.1501,0.0002
chr22,20300138,hom-ref,0.7110,0.0371,0.2514,0.0004
chr22,20300546,hom-ref,0.7550,0.0416,0.2030,0.0004
chr22,20300647,hom-ref,0.5347,0.0736,0.3895,0.0022
chr22,20300741,hom-ref,0.5689,0.0327,0.3978,0.0005
chr22,20301339,het-ref,0.0862,0.0126,0.8999,0.0013
chr22,20301691,hom-ref,0.5774,0.0644,0.3567,0.0015
chr22,20302892,hom-ref,0.6270,0.1383,0.2323,0.0024
chr22,20302956,hom-ref,0.4737,0.0560,0.4685,0.0018
chr22,20303652,het-ref,0.3400,0.0408,0.6174,0.0018
chr22,20304662,hom-ref,0.6601,0.0579,0.2810,0.0010
chr22,20304920,hom-ref,0.6617,0.0578,0.2796,0.0010
chr22,20304947,hom-ref,0.5094,0.0515,0.4377,0.0014
chr22,20305761,hom-ref,0.6643,0.0574,0.2774,0.0009
chr22,20307851,hom-ref,0.5615,0.0748,0.3617,0.0020
chr22,20308894,hom-ref,0.7165,0.0485,0.2344,0.0006
chr22,20310149,hom-ref,0.7477,0.0432,0.2087,0.0004
chr22,20310939,hom-ref,0.7121,0.0493,0.2380,0.0006
chr22,20311614,hom-ref,0.6269,0.0637,0.3081,0.0013
chr22,20311820,hom-ref,0.7541,0.0346,0.2110,0.0003
chr22,20312351,hom-ref,0.8793,0.0207,0.0999,0.0001
chr22,20313208,hom-ref,0.4698,0.0901,0.4364,0.0037
chr22,20314134,hom-ref,0.7089,0.0498,0.2407,0.0006
chr22,20314588,hom-ref,0.9018,0.0169,0.0813,0.0000
chr22,20314900,hom-ref,0.7622,0.0407,0.1967,0.0004
chr22,20315016,hom-ref,0.6376,0.0394,0.3224,0.0006
chr22,20316583,het-ref,0.0017,0.0000,0.9983,0.0000
chr22,20316754,hom-ref,0.8344,0.0284,0.1370,0.0002
chr22,20317249,hom-ref,0.7122,0.0492,0.2379,0.0006
chr22,20317941,hom-ref,0.8231,0.0303,0.1464,0.0002
chr22,20318453,hom-ref,0.8467,0.0263,0.1269,0.0001
chr22,20318808,hom-ref,0.7119,0.0493,0.2382,0.0006
chr22,20319056,hom-ref,0.5546,0.0370,0.4078,0.0007
chr22,20319813,het-ref,0.1819,0.0157,0.8016,0.0008
chr22,20320018,hom-ref,0.8651,0.0232,0.1117,0.0001
chr22,20321023,hom-ref,0.7850,0.0368,0.1779,0.0003
chr22,20321213,hom-ref,0.8192,0.0310,0.1496,0.0002
chr22,20321929,hom-ref,0.6560,0.0465,0.2968,0.0007
chr22,20322146,hom-ref,0.5953,0.0691,0.3340,0.0016
chr22,20322310,het-alt,0.0063,0.0833,0.4066,0.5039
chr22,20322351,het-alt,0.0063,0.0833,0.4066,0.5039
chr22,20322792,het-ref,0.0015,0.0000,0.9985,0.0000
chr22,20322833,het-ref,0.0004,0.0000,0.9996,0.0000
chr22,20323938,het-ref,0.4458,0.0338,0.5194,0.0010
chr22,20324201,hom-ref,0.8732,0.0218,0.1050,0.0001
chr22,20324450,het-ref,0.1860,0.0071,0.8067,0.0002
chr22,20325189,hom-ref,0.6894,0.0531,0.2567,0.0008
chr22,20326591,het-ref,0.0025,0.0002,0.9973,0.0000
chr22,20326931,hom-ref,0.7726,0.0389,0.1881,0.0003
chr22,20327771,hom-ref,0.7795,0.0378,0.1824,0.0003
chr22,20328576,hom-ref,0.6355,0.0623,0.3010,0.0012
chr22,20330041,het-ref,0.4677,0.0504,0.4803,0.0015
chr22,20330235,het-ref,0.0011,0.0000,0.9989,0.0000
chr22,20330276,het-ref,0.0582,0.0129,0.9263,0.0027
chr22,20330782,hom-ref,0.7305,0.0461,0.2229,0.0005
chr22,20331323,hom-ref,0.5950,0.0691,0.3343,0.0016
chr22,20332950,het-ref,0.3020,0.0625,0.6317,0.0039
chr22,20336201,het-ref,0.0080,0.0109,0.9601,0.0211
chr22,20336424,het-ref,0.0215,0.0021,0.9760,0.0004
chr22,20336438,het-ref,0.0057,0.0004,0.9938,0.0002
chr22,20336515,het-ref,0.0032,0.0001,0.9966,0.0000
chr22,20336535,het-ref,0.0026,0.0001,0.9973,0.0000
chr22,20336554,het-ref,0.0045,0.0007,0.9944,0.0004
chr22,20336624,het-ref,0.0054,0.0016,0.9915,0.0014
chr22,20336658,het-ref,0.0027,0.0001,0.9972,0.0000
chr22,20336675,het-ref,0.0040,0.0004,0.9955,0.0002
chr22,20336694,het-ref,0.0018,0.0000,0.9982,0.0000
chr22,20336727,het-ref,0.0040,0.0004,0.9955,0.0002
chr22,20336733,het-ref,0.0051,0.0012,0.9928,0.0010
chr22,20336805,het-ref,0.0089,0.0568,0.7010,0.2333
chr22,20336838,het-alt,0.0049,0.3321,0.1798,0.4832
chr22,20336879,het-alt,0.0063,0.0833,0.4066,0.5039
chr22,20336920,het-alt,0.0043,0.4082,0.1419,0.4456
chr22,20337073,het-alt,0.0058,0.1936,0.2747,0.5259
chr22,20337117,het-alt,0.0063,0.0840,0.4053,0.5044
chr22,20337240,het-alt,0.0063,0.0833,0.4066,0.5039
chr22,20337279,het-ref,0.0080,0.0114,0.9580,0.0226
chr22,20337299,het-ref,0.0092,0.0428,0.7951,0.1529
chr22,20337353,het-alt,0.0063,0.0833,0.4066,0.5039
chr22,20337601,het-ref,0.0066,0.0041,0.9839,0.0054
chr22,20337610,het-ref,0.0053,0.0015,0.9920,0.0013
chr22,20337682,het-ref,0.0036,0.0002,0.9960,0.0001
chr22,20337701,het-ref,0.0048,0.0009,0.9935,0.0007
chr22,20337723,het-ref,0.0745,0.0432,0.8683,0.0140
chr22,20337764,het-ref,0.0035,0.0002,0.9962,0.0001
chr22,20338191,het-ref,0.4476,0.0524,0.4983,0.0017
chr22,20347385,het-ref,0.4034,0.0744,0.5182,0.0040
chr22,20347982,hom-ref,0.7405,0.0442,0.2149,0.0005
chr22,20250897,hom-ref,0.7109,0.0495,0.2390,0.0006
chr22,20251617,het-ref,0.0058,0.0021,0.9899,0.0022
chr22,20251865,hom-alt,0.0200,0.8582,0.0921,0.0297
chr22,20251906,hom-alt,0.0005,0.9178,0.0059,0.0758
chr22,20252897,hom-ref,0.7217,0.0476,0.2301,0.0006
chr22,20253834,hom-ref,0.5593,0.0751,0.3635,0.0021
chr22,20254780,hom-ref,0.5320,0.0456,0.4213,0.0010
chr22,20255266,hom-ref,0.7014,0.0511,0.2468,0.0007
chr22,20255818,hom-ref,0.8361,0.0281,0.1357,0.0002
chr22,20256327,hom-ref,0.9017,0.0169,0.0814,0.0000
chr22,20257819,hom-ref,0.6652,0.0572,0.2766,0.0009
chr22,20258244,hom-ref,0.8673,0.0228,0.1098,0.0001
chr22,20258288,hom-ref,0.7683,0.0397,0.1917,0.0004
chr22,20258301,hom-ref,0.8486,0.0260,0.1253,0.0001
chr22,20258599,hom-ref,0.8383,0.0277,0.1338,0.0001
chr22,20258662,hom-ref,0.7661,0.0401,0.1935,0.0004
chr22,20260032,hom-ref,0.6940,0.0523,0.2529,0.0007
chr22,20261206,hom-ref,0.7088,0.0498,0.2407,0.0006
chr22,20261537,hom-ref,0.7756,0.0384,0.1856,0.0003
chr22,20262438,hom-ref,0.9015,0.0169,0.0815,0.0000
chr22,20262822,hom-ref,0.7398,0.0445,0.2152,0.0005
chr22,20262902,hom-ref,0.8792,0.0207,0.1000,0.0001
chr22,20264010,hom-alt,0.0034,0.9927,0.0021,0.0018
chr22,20264435,hom-ref,0.6572,0.0586,0.2833,0.0010
chr22,20265232,hom-ref,0.7323,0.0458,0.2214,0.0005
chr22,20265573,het-ref,0.4619,0.0370,0.5002,0.0009
chr22,20268007,hom-ref,0.6238,0.0642,0.3107,0.0013
chr22,20268272,hom-alt,0.0032,0.9036,0.0236,0.0696
chr22,20268313,het-alt,0.0062,0.0981,0.3825,0.5131
chr22,20269214,hom-ref,0.5985,0.0685,0.3314,0.0016
chr22,20271130,hom-alt,0.0014,0.9518,0.0082,0.0385
chr22,20271147,hom-alt,0.0010,0.8501,0.0149,0.1340
chr22,20271806,het-ref,0.4661,0.0570,0.4750,0.0019
chr22,20272221,hom-ref,0.6437,0.0609,0.2943,0.0011
chr22,20272578,hom-alt,0.0230,0.9525,0.0218,0.0027
chr22,20272980,hom-alt,0.0070,0.9842,0.0065,0.0023
chr22,20272996,hom-alt,0.0033,0.9326,0.0179,0.0462
chr22,20273037,hom-alt,0.0012,0.9963,0.0009,0.0016
chr22,20273198,hom-ref,0.3948,0.2799,0.3206,0.0047
chr22,20273643,hom-ref,0.6524,0.0594,0.2872,0.0010
chr22,20275592,het-ref,0.4338,0.0457,0.5190,0.0015
chr22,20275849,hom-ref,0.5751,0.0725,0.3506,0.0018
chr22,20276091,het-ref,0.4540,0.0346,0.5105,0.0009
chr22,20276412,hom-ref,0.6271,0.0894,0.2810,0.0025
chr22,20276552,hom-ref,0.7191,0.0481,0.2322,0.0006
chr22,20276623,het-ref,0.2831,0.0260,0.6898,0.0011
chr22,20276984,hom-alt,0.0020,0.8865,0.0197,0.0917
chr22,20277025,hom-alt,0.0003,0.9460,0.0031,0.0506
chr22,20277332,hom-ref,0.7480,0.0431,0.2084,0.0004
chr22,20278002,hom-ref,0.7758,0.0384,0.1855,0.0003
chr22,20279490,hom-alt,0.0024,0.9947,0.0014,0.0015
chr22,20279811,hom-ref,0.5104,0.0438,0.4448,0.0010
chr22,20280742,hom-ref,0.6957,0.0520,0.2516,0.0007
chr22,20281746,hom-ref,0.4599,0.0918,0.4444,0.0040
chr22,20281760,hom-ref,0.6174,0.0653,0.3159,0.0013
chr22,20281819,hom-ref,0.7659,0.0401,0.1937,0.0004
chr22,20282142,hom-ref,0.6931,0.0428,0.2635,0.0005
chr22,20282436,hom-ref,0.9052,0.0163,0.0784,0.0000
chr22,20283698,hom-ref,0.8368,0.0280,0.1351,0.0001
chr22,20284008,hom-ref,0.5005,0.0425,0.4560,0.0010
chr22,20284036,het-ref,0.3795,0.0595,0.5582,0.0028
chr22,20284949,hom-ref,0.7966,0.0349,0.1683,0.0003
chr22,20285104,hom-ref,0.7129,0.0491,0.2374,0.0006
chr22,20285132,het-ref,0.4364,0.0174,0.5459,0.0003
chr22,20286298,hom-ref,0.6818,0.0544,0.2630,0.0008
chr22,20287111,hom-ref,0.8578,0.0244,0.1177,0.0001
chr22,20288195,hom-alt,0.0326,0.9321,0.0318,0.0035
chr22,20288222,het-ref,0.0808,0.0045,0.9144,0.0003
chr22,20288523,hom-ref,0.7255,0.0470,0.2270,0.0005
chr22,20289469,hom-ref,0.5566,0.0756,0.3657,0.0021
chr22,20289612,hom-ref,0.9140,0.0148,0.0712,0.0000
chr22,20289690,hom-ref,0.7664,0.0381,0.1952,0.0003
chr22,20290837,hom-ref,0.8392,0.0276,0.1331,0.0001
chr22,20291433,hom-ref,0.6410,0.0613,0.2965,0.0011
chr22,20292161,hom-ref,0.7486,0.0430,0.2079,0.0004
chr22,20292180,het-ref,0.4299,0.0974,0.4678,0.0049
chr22,20292291,hom-ref,0.7712,0.0392,0.1893,0.0003
chr22,20293137,hom-ref,0.4912,0.0865,0.4190,0.0033
chr22,20293211,hom-ref,0.4722,0.0771,0.4477,0.0029
chr22,20293487,hom-ref,0.8842,0.0199,0.0958,0.0001
chr22,20293759,hom-ref,0.6467,0.0569,0.2954,0.0010
chr22,20294083,hom-ref,0.7215,0.0476,0.2302,0.0006
chr22,20294255,hom-ref,0.7637,0.0405,0.1955,0.0004
chr22,20295241,het-ref,0.0013,0.0000,0.9987,0.0000
chr22,20295253,het-ref,0.1958,0.0673,0.7284,0.0085
chr22,20295571,hom-ref,0.7585,0.0414,0.1997,0.0004
chr22,20295704,hom-ref,0.7348,0.0454,0.2193,0.0005
chr22,20295840,het-ref,0.0109,0.0014,0.9873,0.0003
chr22,20296137,hom-ref,0.6688,0.0566,0.2737,0.0009
chr22,20296770,hom-ref,0.6836,0.0541,0.2615,0.0008
chr22,20296977,hom-ref,0.8661,0.0230,0.1108,0.0001
chr22,20297942,hom-ref,0.7517,0.0425,0.2053,0.0004
chr22,20298511,hom-ref,0.5074,0.0729,0.4173,0.0024
chr22,20298677,hom-ref,0.8087,0.0328,0.1583,0.0002
chr22,20299648,het-ref,0.0029,0.0001,0.9970,0.0000
chr22,20299689,het-ref,0.0019,0.0000,0.9981,0.0000
chr22,20299791,hom-ref,0.6076,0.0661,0.3249,0.0014
chr22,20359731,het-ref,0.2513,0.0835,0.6574,0.0078
chr22,20359765,het-ref,0.0868,0.0229,0.8862,0.0042
chr22,20359807,het-ref,0.1776,0.0722,0.7394,0.0108
chr22,20359859,hom-ref,0.7307,0.0461,0.2227,0.0005
chr22,20359955,het-ref,0.0864,0.1987,0.6968,0.0181
chr22,20359968,het-ref,0.0553,0.0402,0.8868,0.0178
chr22,20359980,het-ref,0.0319,0.1106,0.8058,0.0517
chr22,20359996,het-ref,0.4477,0.0938,0.4542,0.0043
chr22,20360028,het-ref,0.3623,0.1078,0.5224,0.0075
chr22,20360135,het-ref,0.0722,0.1341,0.7546,0.0390
chr22,20360160,het-ref,0.0083,0.0139,0.9479,0.0299
chr22,20360403,hom-alt,0.0225,0.7907,0.1292,0.0575
chr22,20360946,het-ref,0.2232,0.0829,0.6843,0.0096
chr22,20361062,het-ref,0.0811,0.0429,0.8637,0.0123
chr22,20361092,het-ref,0.0707,0.0206,0.9046,0.0040
chr22,20361093,het-ref,0.0088,0.0205,0.9189,0.0518
chr22,20361353,het-ref,0.2138,0.1306,0.6344,0.0212
chr22,20361393,het-ref,0.1570,0.0324,0.8071,0.0035
chr22,20361434,het-ref,0.0092,0.0304,0.8685,0.0919
chr22,20361479,hom-ref,0.9057,0.0162,0.0780,0.0000
chr22,20361611,hom-ref,0.4827,0.0880,0.4259,0.0034
chr22,20361652,het-ref,0.0083,0.0650,0.6256,0.3011
chr22,20361795,hom-ref,0.7368,0.0451,0.2177,0.0005
chr22,20361874,hom-ref,0.5453,0.0775,0.3750,0.0023
chr22,20361960,hom-ref,0.7878,0.0364,0.1755,0.0003
chr22,20361979,hom-ref,0.7761,0.0384,0.1852,0.0003
chr22,20362072,het-ref,0.2425,0.0828,0.6667,0.0080
chr22,20362379,hom-ref,0.5289,0.0802,0.3883,0.0025
chr22,20362427,hom-ref,0.7020,0.0510,0.2463,0.0007
chr22,20362490,hom-ref,0.6404,0.0614,0.2971,0.0011
chr22,20362604,het-ref,0.0430,0.0212,0.9278,0.0080
chr22,20362881,hom-ref,0.6434,0.0609,0.2946,0.0011
chr22,20363200,hom-ref,0.8509,0.0256,0.1234,0.0001
chr22,20363327,hom-ref,0.8078,0.0329,0.1590,0.0002
chr22,20364270,hom-ref,0.7946,0.0352,0.1699,0.0003
chr22,20364590,hom-ref,0.4886,0.0554,0.4544,0.0016
chr22,20364685,hom-ref,0.6471,0.0603,0.2916,0.0011
chr22,20365766,hom-ref,0.6800,0.0547,0.2645,0.0008
chr22,20366017,hom-ref,0.5631,0.0565,0.3790,0.0013
chr22,20367813,hom-ref,0.7683,0.0397,0.1917,0.0004
chr22,20368257,hom-ref,0.8272,0.0296,0.1430,0.0002
chr22,20368548,hom-ref,0.7816,0.0374,0.1807,0.0003
chr22,20368643,hom-ref,0.6116,0.0660,0.3210,0.0014
chr22,20369056,hom-ref,0.5719,0.0377,0.3897,0.0007
chr22,20369204,hom-ref,0.8261,0.0298,0.1439,0.0002
chr22,20369451,hom-ref,0.6588,0.0583,0.2819,0.0010
chr22,20369730,hom-alt,0.0479,0.7497,0.1987,0.0036
chr22,20370039,hom-ref,0.5867,0.0705,0.3411,0.0017
chr22,20371358,hom-ref,0.7199,0.0433,0.2363,0.0005
chr22,20371391,hom-ref,0.7123,0.0436,0.2436,0.0005
chr22,20371543,hom-ref,0.9018,0.0169,0.0813,0.0000
chr22,20371699,hom-ref,0.5209,0.0816,0.3948,0.0027
chr22,20374580,hom-ref,0.8298,0.0292,0.1409,0.0002
chr22,20375117,hom-ref,0.4677,0.0650,0.4650,0.0023
chr22,20375607,hom-ref,0.7619,0.0408,0.1970,0.0004
chr22,20375761,hom-ref,0.5111,0.0832,0.4029,0.0029
chr22,20376591,hom-ref,0.7049,0.0422,0.2524,0.0005
chr22,20376626,hom-ref,0.6689,0.0246,0.3063,0.0002
chr22,20376667,hom-ref,0.9175,0.0142,0.0683,0.0000
chr22,20377088,het-ref,0.4634,0.0564,0.4784,0.0018
chr22,20377254,het-ref,0.0689,0.0252,0.8998,0.0061
chr22,20377256,het-ref,0.1044,0.0124,0.8822,0.0011
chr22,20377553,hom-ref,0.8055,0.0333,0.1609,0.0002
chr22,20377714,het-ref,0.2906,0.0360,0.6716,0.0018
chr22,20378701,hom-ref,0.5947,0.0692,0.3346,0.0016
chr22,20378765,het-ref,0.3068,0.0567,0.6331,0.0035
chr22,20379108,hom-ref,0.8137,0.0319,0.1542,0.0002
chr22,20379299,het-ref,0.4688,0.0257,0.5050,0.0005
chr22,20379380,hom-ref,0.7737,0.0388,0.1872,0.0003
chr22,20379657,het-ref,0.3078,0.0432,0.6468,0.0022
chr22,20380060,hom-ref,0.6342,0.0356,0.3298,0.0005
chr22,20380216,hom-ref,0.7350,0.0454,0.2191,0.0005
chr22,20380226,hom-ref,0.8343,0.0284,0.1371,0.0002
chr22,20381171,hom-ref,0.7885,0.0196,0.1918,0.0001
chr22,20382000,het-ref,0.0016,0.0000,0.9983,0.0000
chr22,20382530,hom-ref,0.6496,0.0367,0.3132,0.0005
chr22,20382728,hom-ref,0.5422,0.0540,0.4025,0.0013
chr22,20383012,hom-ref,0.5839,0.0710,0.3434,0.0017
chr22,20383034,hom-ref,0.6704,0.0563,0.2723,0.0009
chr22,20383579,hom-ref,0.8163,0.0315,0.1520,0.0002
chr22,20384390,hom-ref,0.7972,0.0348,0.1678,0.0003
chr22,20384780,hom-ref,0.6378,0.0619,0.2991,0.0012
chr22,20389145,hom-ref,0.7981,0.0346,0.1671,0.0003
chr22,20389756,hom-ref,0.5306,0.0207,0.4483,0.0003
chr22,20390899,het-ref,0.0038,0.0011,0.9943,0.0008
chr22,20391274,hom-ref,0.7103,0.0496,0.2395,0.0006
chr22,20392449,het-ref,0.1676,0.0267,0.8035,0.0023
chr22,20392619,hom-ref,0.8093,0.0327,0.1578,0.0002
chr22,20393677,hom-ref,0.4859,0.0661,0.4458,0.0022
chr22,20394452,hom-ref,0.5656,0.0741,0.3584,0.0020
chr22,20394736,het-ref,0.1480,0.0410,0.8055,0.0055
chr22,20394751,het-ref,0.1811,0.2932,0.5169,0.0088
chr22,20396355,hom-ref,0.8135,0.0320,0.1543,0.0002
chr22,20396925,het-ref,0.2859,0.2516,0.4499,0.0125
chr22,20397041,het-ref,0.0164,0.0026,0.9801,0.0009
chr22,20398276,het-ref,0.0066,0.0040,0.9842,0.0052
chr22,20398870,het-ref,0.0012,0.0000,0.9988,0.0000
chr22,20399370,hom-ref,0.5236,0.0387,0.4368,0.0008
chr22,20399561,hom-ref,0.6381,0.0518,0.3093,0.0009
chr22,20451662,hom-ref,0.7429,0.0440,0.2126,0.0005
chr22,20451968,hom-ref,0.8842,0.0199,0.0958,0.0001
chr22,20453227,hom-alt,0.0108,0.9775,0.0097,0.0020
chr22,20453250,hom-ref,0.6496,0.0599,0.2895,0.0011
chr22,20454318,hom-ref,0.8991,0.0173,0.0835,0.0000
chr22,20455112,hom-ref,0.5234,0.1900,0.2829,0.0036
chr22,20455693,hom-ref,0.7351,0.0453,0.2191,0.0005
chr22,20457027,het-ref,0.0032,0.0005,0.9961,0.0002
chr22,20458233,hom-ref,0.6188,0.0428,0.3377,0.0007
chr22,20458405,het-ref,0.3069,0.0217,0.6703,0.0010
chr22,20460569,het-ref,0.3766,0.0402,0.5816,0.0016
chr22,20461510,hom-ref,0.5745,0.0439,0.3805,0.0011
chr22,20462137,hom-ref,0.7147,0.0488,0.2359,0.0006
chr22,20462266,hom-ref,0.7759,0.0384,0.1854,0.0003
chr22,20462421,hom-ref,0.7022,0.0472,0.2500,0.0006
chr22,20463421,hom-ref,0.7675,0.0398,0.1923,0.0004
chr22,20463573,hom-ref,0.8703,0.0223,0.1073,0.0001
chr22,20463600,hom-ref,0.7168,0.0383,0.2445,0.0004
chr22,20464758,hom-ref,0.5045,0.0843,0.4083,0.0030
chr22,20464947,hom-ref,0.6912,0.0492,0.2589,0.0007
chr22,20465792,hom-ref,0.5380,0.0613,0.3991,0.0016
chr22,20466355,hom-ref,0.5859,0.0294,0.3843,0.0004
chr22,20468655,het-ref,0.0486,0.0087,0.9412,0.0014
chr22,20470172,hom-alt,0.0075,0.9836,0.0067,0.0022
chr22,20470339,hom-ref,0.8464,0.0263,0.1271,0.0001
chr22,20470665,het-ref,0.0010,0.0000,0.9990,0.0000
chr22,20470670,het-ref,0.0011,0.0000,0.9989,0.0000
chr22,20470746,het-ref,0.1053,0.0113,0.8823,0.0010
chr22,20473924,het-ref,0.0157,0.0052,0.9771,0.0020
chr22,20474971,hom-ref,0.6133,0.0660,0.3193,0.0014
chr22,20475123,het-ref,0.3141,0.3260,0.3541,0.0058
chr22,20475172,het-ref,0.4329,0.0486,0.5165,0.0020
chr22,20475554,hom-ref,0.5987,0.0685,0.3313,0.0015
chr22,20476205,hom-ref,0.7425,0.0441,0.2129,0.0005
chr22,20476365,hom-ref,0.7121,0.0493,0.2380,0.0006
chr22,20476702,hom-ref,0.8298,0.0292,0.1408,0.0002
chr22,20476964,het-ref,0.3190,0.0406,0.6384,0.0021
chr22,20477020,hom-ref,0.5757,0.0724,0.3501,0.0018
chr22,20477393,hom-ref,0.7172,0.0484,0.2339,0.0006
chr22,20477438,hom-ref,0.5322,0.0694,0.3964,0.0020
chr22,20477571,hom-ref,0.4880,0.0655,0.4443,0.0021
chr22,20478468,hom-ref,0.5510,0.0765,0.3703,0.0022
chr22,20479134,hom-ref,0.5479,0.0630,0.3875,0.0016
chr22,20480528,het-ref,0.4442,0.0258,0.5294,0.0006
chr22,20480787,hom-ref,0.5881,0.0558,0.3550,0.0012
chr22,20482382,hom-ref,0.5545,0.0565,0.3876,0.0013
chr22,20482471,hom-ref,0.4526,0.2545,0.2887,0.0041
chr22,20482507,hom-ref,0.5584,0.0582,0.3817,0.0017
chr22,20482737,hom-ref,0.8473,0.0262,0.1264,0.0001
chr22,20484289,hom-ref,0.6653,0.0572,0.2766,0.0009
chr22,20484708,hom-ref,0.8452,0.0266,0.1281,0.0001
chr22,20485298,hom-ref,0.7240,0.0472,0.2282,0.0006
chr22,20485341,het-ref,0.3548,0.0318,0.6123,0.0011
chr22,20486126,hom-ref,0.5109,0.0377,0.4506,0.0008
chr22,20486673,het-ref,0.3761,0.0286,0.5945,0.0009
chr22,20487067,hom-ref,0.5407,0.0565,0.4014,0.0014
chr22,20487374,het-ref,0.4029,0.0875,0.5050,0.0046
chr22,20487542,hom-ref,0.8142,0.0319,0.1538,0.0002
chr22,20487691,hom-ref,0.6088,0.0668,0.3230,0.0014
